      Step     Time          Energy          fmax
BFGS:    0 13:31:46      -28.864264        0.262646
BFGS:    1 13:31:46      -28.867153        0.252876
BFGS:    2 13:31:47      -28.902927        0.010874
BFGS:    3 13:31:47      -28.902990        0.000412
